Results:
y1 = 1.43828
y2 = 0.332648
y3 = 0.187378
y4 = 0.130394
y5 = 0.0999815
y6 = 0.0810712
y7 = 0.0681759
y8 = 0.0588198
y9 = 0.0517216
y10 = 0.046152
y11 = 0.0416653
